{
 "cells": [
  {
   "cell_type": "markdown",
   "id": "69e06f1f",
   "metadata": {},
   "source": [
    "# ЛР2. Вероятностные конечные автоматы\n",
    "## 7 вариант"
   ]
  },
  {
   "cell_type": "markdown",
   "id": "ed35cf16",
   "metadata": {},
   "source": [
    "### Задание:\n",
    "\n",
    "Изучить работу вероятностного конечного автомата на примере неоднородной марковской цепи. \\\n",
    "-- переходные матрицы P^[t-1,t] для моментов времени t=1,..,10; \\\n",
    "-- нормированные переходные матрицы P^[t-1,t] для моментов времени t=1,..,10;\\\n",
    "-- распределение вероятностей в моменты времени t=1,..,10."
   ]
  },
  {
   "cell_type": "code",
   "execution_count": 1,
   "id": "54c5ea4a",
   "metadata": {},
   "outputs": [],
   "source": [
    "# подключение библиотек\n",
    "import pandas as pd\n",
    "import numpy as np\n",
    "import itertools\n",
    "import random\n",
    "import math"
   ]
  },
  {
   "cell_type": "code",
   "execution_count": 53,
   "id": "0746a13e",
   "metadata": {},
   "outputs": [],
   "source": [
    "# функция для расчёта вероятностей переходной матрицы на соответствующем шаге \n",
    "# рассчёт тригонометрических функций производится в радианах! \n",
    "def transition_matrix(t): \n",
    "    P = []    \n",
    "    P.append( [1+math.cos(t)**2, 1+math.cos(2*t), math.cos(2*t), math.cos(t)**2] )    \n",
    "    P.append( [math.sin(t)**2, math.tan(t)**2, 2*math.sin(t/2)**2, math.cos(2*t)] )  \n",
    "    P.append( [t**2, 1+t**2, (1+t)**2, t+t**2] )\n",
    "    P.append( [math.sqrt(abs(8-3*t)), math.sqrt(abs(8-2*t)), math.sqrt(t**2-1), 2*t] )\n",
    "    P = (np.array(P)).round(5)\n",
    "    \n",
    "    return P"
   ]
  },
  {
   "cell_type": "code",
   "execution_count": 60,
   "id": "d92618fa",
   "metadata": {},
   "outputs": [],
   "source": [
    "# нормализация матрицы\n",
    "def norm_matrix(P):\n",
    "    P = abs(P)\n",
    "    for i in range(P.shape[0]):\n",
    "        P[i] /= sum(abs(P[i]))\n",
    "    return P"
   ]
  },
  {
   "cell_type": "code",
   "execution_count": 61,
   "id": "869ec4c8",
   "metadata": {},
   "outputs": [
    {
     "data": {
      "text/plain": [
       "array([0.1, 0.2, 0.3, 0.4])"
      ]
     },
     "execution_count": 61,
     "metadata": {},
     "output_type": "execute_result"
    }
   ],
   "source": [
    "# начальное распределение вероятностей состояний вероятностного конечного автомата\n",
    "P_ksi = np.array([0.1, 0.2, 0.3, 0.4])\n",
    "P_ksi"
   ]
  },
  {
   "cell_type": "code",
   "execution_count": 62,
   "id": "5e3452bb",
   "metadata": {
    "scrolled": false
   },
   "outputs": [
    {
     "name": "stdout",
     "output_type": "stream",
     "text": [
      "Начальное распределение вероятностей:\n",
      "P_0 = [0.1 0.2 0.3 0.4]\n",
      "\n",
      "Переходная матрица в момент времени t=1:\n",
      "\n",
      "[[0.5        0.22596038 0.16105749 0.11298213]\n",
      " [0.17660072 0.60495231 0.11465442 0.10379255]\n",
      " [0.11111111 0.22222222 0.44444444 0.22222222]\n",
      " [0.33446263 0.36638516 0.         0.2991522 ]]\n",
      "\n",
      "\n",
      "\n",
      "Распределение вероятности в момент времени t=1\n",
      "P_1 = [0.25244 0.35681 0.17237 0.21838]\n",
      "\n",
      "Переходная матрица в момент времени t=2:\n",
      "\n",
      "[[0.5        0.14761588 0.27857618 0.07380794]\n",
      " [0.10778502 0.62239523 0.18461063 0.08520912]\n",
      " [0.16666667 0.20833333 0.375      0.25      ]\n",
      " [0.15462167 0.21866861 0.18937249 0.43733723]]\n",
      "\n",
      "\n",
      "\n",
      "Распределение вероятности в момент времени t=2\n",
      "P_2 = [0.22717 0.343   0.24219 0.18763]\n",
      "\n",
      "Переходная матрица в момент времени t=3:\n",
      "\n",
      "[[0.33672022 0.33333277 0.16327978 0.16666723]\n",
      " [0.00665799 0.0067951  0.6654617  0.32108521]\n",
      " [0.19148936 0.21276596 0.34042553 0.25531915]\n",
      " [0.08894708 0.12578985 0.25158059 0.53368248]]\n",
      "\n",
      "\n",
      "\n",
      "Распределение вероятности в момент времени t=3\n",
      "P_3 = [0.14184 0.15319 0.395   0.30996]\n",
      "\n",
      "Переходная матрица в момент времени t=4:\n",
      "\n",
      "[[0.5        0.2993519  0.05097215 0.14967595]\n",
      " [0.15427859 0.36109674 0.44543211 0.03919255]\n",
      " [0.20512821 0.21794872 0.32051282 0.25641026]\n",
      " [0.14416513 0.         0.27917434 0.57666053]]\n",
      "\n",
      "\n",
      "\n",
      "Распределение вероятности в момент времени t=4\n",
      "P_4 = [0.22027 0.18387 0.2886  0.30726]\n",
      "\n",
      "Переходная матрица в момент времени t=5:\n",
      "\n",
      "[[0.5        0.07447291 0.38829295 0.03723414]\n",
      " [0.06614049 0.82198229 0.05152476 0.06035246]\n",
      " [0.21367521 0.22222222 0.30769231 0.25641026]\n",
      " [0.13955158 0.07459331 0.25839947 0.52745565]]\n",
      "\n",
      "\n",
      "\n",
      "Распределение вероятности в момент времени t=5\n",
      "P_5 = [0.22684 0.25459 0.2632  0.25536]\n",
      "\n",
      "Переходная матрица в момент времени t=6:\n",
      "\n",
      "[[0.3474481  0.33333273 0.1525519  0.16666727]\n",
      " [0.07460604 0.08092276 0.03806275 0.80640846]\n",
      " [0.2195122  0.22560976 0.29878049 0.25609756]\n",
      " [0.1370236  0.08666127 0.2563475  0.51996762]]\n",
      "\n",
      "\n",
      "\n",
      "Распределение вероятности в момент времени t=6\n",
      "P_6 = [0.19058 0.17773 0.1884  0.44329]\n",
      "\n",
      "Переходная матрица в момент времени t=7:\n",
      "\n",
      "[[0.45990288 0.33333333 0.04009712 0.16666667]\n",
      " [0.27424407 0.48251148 0.15636417 0.08688028]\n",
      " [0.22374429 0.2283105  0.29223744 0.25570776]\n",
      " [0.13362183 0.0907782  0.25675938 0.51884058]]\n",
      "\n",
      "\n",
      "\n",
      "Распределение вероятности в момент времени t=7\n",
      "P_7 = [0.23778 0.23254 0.20431 0.32538]\n",
      "\n",
      "Переходная матрица в момент времени t=8:\n",
      "\n",
      "[[0.5        0.02073112 0.46890332 0.01036556]\n",
      " [0.01984729 0.9375079  0.02322678 0.01941803]\n",
      " [0.22695035 0.23049645 0.28723404 0.25531915]\n",
      " [0.130015   0.09193458 0.2579904  0.52006001]]\n",
      "\n",
      "\n",
      "\n",
      "Распределение вероятности в момент времени t=8\n",
      "P_8 = [0.21218 0.29994 0.25953 0.22836]\n",
      "\n",
      "Переходная матрица в момент времени t=9:\n",
      "\n",
      "[[0.36743118 0.33333333 0.13256882 0.16666667]\n",
      " [0.0576534  0.06944954 0.64874672 0.22415034]\n",
      " [0.22946176 0.23229462 0.28328612 0.25495751]\n",
      " [0.12647158 0.09175218 0.25951409 0.52226215]]\n",
      "\n",
      "\n",
      "\n",
      "Распределение вероятности в момент времени t=9\n",
      "P_9 = [0.18369 0.1728  0.3555  0.28803]\n",
      "\n",
      "Переходная матрица в момент времени t=10:\n",
      "\n",
      "[[0.40339564 0.33333333 0.09660436 0.16666667]\n",
      " [0.09986907 0.14185012 0.62057783 0.13770297]\n",
      " [0.23148148 0.2337963  0.28009259 0.25462963]\n",
      " [0.12309395 0.09091078 0.26112136 0.52487391]]\n",
      "\n",
      "\n",
      "\n",
      "Распределение вероятности в момент времени t=10\n",
      "P_10 = [0.2091  0.19504 0.29976 0.29611]\n"
     ]
    }
   ],
   "source": [
    "P_t = P_ksi\n",
    "print(\"Начальное распределение вероятностей:\\nP_0 =\", P_t)\n",
    "\n",
    "for t in range(1, 11):\n",
    "    P_t = (np.dot(P_t, norm_matrix( transition_matrix(t)))).round(5)\n",
    "    print(\"\\nПереходная матрица в момент времени t=%i:\\n\" % t)\n",
    "    print(norm_matrix( transition_matrix(t)))\n",
    "    print(\"\\n\\n\\nРаспределение вероятности в момент времени t=%i\" % t) \n",
    "    print(\"P_%i =\" % t, P_t)"
   ]
  }
 ],
 "metadata": {
  "kernelspec": {
   "display_name": "Python 3",
   "language": "python",
   "name": "python3"
  },
  "language_info": {
   "codemirror_mode": {
    "name": "ipython",
    "version": 3
   },
   "file_extension": ".py",
   "mimetype": "text/x-python",
   "name": "python",
   "nbconvert_exporter": "python",
   "pygments_lexer": "ipython3",
   "version": "3.8.8"
  }
 },
 "nbformat": 4,
 "nbformat_minor": 5
}
